[user-icon.jpg]
filters=finetune2=1,0.000000,0.230175,0.000000,00000000,0.000000;
moddate=1ac4e9bac47bce01
width=73
height=70
textactive=0
